{
  "nbformat": 4,
  "nbformat_minor": 0,
  "metadata": {
    "colab": {
      "provenance": [],
      "authorship_tag": "ABX9TyOJ38BQG+LqeouVzgA/YzSB",
      "include_colab_link": true
    },
    "kernelspec": {
      "name": "python3",
      "display_name": "Python 3"
    },
    "language_info": {
      "name": "python"
    }
  },
  "cells": [
    {
      "cell_type": "markdown",
      "metadata": {
        "id": "view-in-github",
        "colab_type": "text"
      },
      "source": [
        "<a href=\"https://colab.research.google.com/github/HinataTsuji/data-science-toolkit/blob/library%2Fnumpy/Tutorial03.ipynb\" target=\"_parent\"><img src=\"https://colab.research.google.com/assets/colab-badge.svg\" alt=\"Open In Colab\"/></a>"
      ]
    },
    {
      "cell_type": "code",
      "execution_count": 2,
      "metadata": {
        "id": "3pk7QNb0lIYM",
        "colab": {
          "base_uri": "https://localhost:8080/"
        },
        "outputId": "7bdb0cfa-ac1d-43f3-c876-93f3fb6ac31a"
      },
      "outputs": [
        {
          "output_type": "stream",
          "name": "stdout",
          "text": [
            "[[1 2]\n",
            " [3 4]]\n"
          ]
        }
      ],
      "source": [
        "import numpy as np\n",
        "a = np.array([[1,2],[3,4]])\n",
        "print(a)"
      ]
    },
    {
      "cell_type": "code",
      "source": [
        "b = np.random.randint(1, 101, size=(3,4))\n",
        "print(b)"
      ],
      "metadata": {
        "colab": {
          "base_uri": "https://localhost:8080/"
        },
        "id": "4bAHZkWVmPCp",
        "outputId": "05909c72-0afb-4408-a0dd-99e4982de73f"
      },
      "execution_count": 4,
      "outputs": [
        {
          "output_type": "stream",
          "name": "stdout",
          "text": [
            "[[62  5 96 64]\n",
            " [27 79 64 71]\n",
            " [83 38 10 97]]\n"
          ]
        }
      ]
    },
    {
      "cell_type": "code",
      "source": [
        "c = np.ones((3,3))\n",
        "d = np.zeros((3,3))\n",
        "print(c)\n",
        "print(d)"
      ],
      "metadata": {
        "colab": {
          "base_uri": "https://localhost:8080/"
        },
        "id": "mWo6gpnHnA9U",
        "outputId": "0025ac71-33ea-4010-9611-97cb4995bb7a"
      },
      "execution_count": 7,
      "outputs": [
        {
          "output_type": "stream",
          "name": "stdout",
          "text": [
            "[[1. 1. 1.]\n",
            " [1. 1. 1.]\n",
            " [1. 1. 1.]]\n",
            "[[0. 0. 0.]\n",
            " [0. 0. 0.]\n",
            " [0. 0. 0.]]\n"
          ]
        }
      ]
    },
    {
      "cell_type": "code",
      "source": [
        "e = np.random.random((6,3))\n",
        "print(e)\n",
        "\n",
        "f = np.transpose(e) #invert an array rows become columns, columns become rows\n",
        "print(f)"
      ],
      "metadata": {
        "colab": {
          "base_uri": "https://localhost:8080/"
        },
        "id": "sB6qNYGrnT34",
        "outputId": "2f58718e-ff95-4c6b-aac2-1e64479d7699"
      },
      "execution_count": 11,
      "outputs": [
        {
          "output_type": "stream",
          "name": "stdout",
          "text": [
            "[[0.51118716 0.26063201 0.46418358]\n",
            " [0.78095833 0.70157772 0.73821406]\n",
            " [0.42098844 0.67298701 0.17102865]\n",
            " [0.03835911 0.78796631 0.2101025 ]\n",
            " [0.58704319 0.90943591 0.52954651]\n",
            " [0.387443   0.11507258 0.11190184]]\n",
            "[[0.51118716 0.78095833 0.42098844 0.03835911 0.58704319 0.387443  ]\n",
            " [0.26063201 0.70157772 0.67298701 0.78796631 0.90943591 0.11507258]\n",
            " [0.46418358 0.73821406 0.17102865 0.2101025  0.52954651 0.11190184]]\n"
          ]
        }
      ]
    },
    {
      "cell_type": "code",
      "source": [
        "n = 2\n",
        "p = 3\n",
        "g = np.random.random((n,p))\n",
        "h = np.random.random((p,n))\n",
        "dotprod = np.dot(g, h)\n",
        "print(g)\n",
        "print(h)\n",
        "print(dotprod)"
      ],
      "metadata": {
        "colab": {
          "base_uri": "https://localhost:8080/"
        },
        "id": "EH0ZBeErn6KL",
        "outputId": "2d54d5fa-8ee3-40bf-ede5-be29c7abe4b3"
      },
      "execution_count": 13,
      "outputs": [
        {
          "output_type": "stream",
          "name": "stdout",
          "text": [
            "[[0.89376824 0.12147482 0.51914029]\n",
            " [0.15850324 0.46501542 0.42975458]]\n",
            "[[0.32774177 0.59927082]\n",
            " [0.38771175 0.97242968]\n",
            " [0.49031566 0.4262316 ]]\n",
            "[[0.59456501 0.87500894]\n",
            " [0.44295547 0.73035614]]\n"
          ]
        }
      ]
    }
  ]
}